6838
5758
113
7515
1051
5627
3010
7419
6212
4086
2749
2767
9084
2060
2225
7543
5089
1183
5137
5566
6966
4978
495
311
1367
54
7031
3145
9882
5736
524
8505
8394
2102
4851
9067
2754
1653
6561
7096
3628
5188
2085
4143
6967
1406
4165
3403
5562
4834
1353
920
444
4803
7962
9318
1422
1327
457
1945
4479
9983
8751
3894
8670
8259
6248
7757
5629
3306
8606
3990
1738
2516
1414
5262
7116
2825
3181
3134
5343
8022
1233
7536
9760
9979
9071
1201
1336
3061
2160
4005
729
7644
7475
1693
5514
4139
2088
6521
5202
9171
4434
8317
4582
6815
4586
9653
6306
7174
8451
3448
6473
2434
8193
4110
4748
8210
9320
2049
2956
4162
4166
4997
7793
2310
1391
9799
7926
4905
5885
2582
5610
5000
8052
965
120
2380
5639
6204
4385
2475
5725
7265
3214
9471
1376
4697
5543
3297
4619
3087
3123
1549
8065
4256
8973
901
5613
6157
9899
9267
2413
9598
8526
3711
46
4566
8536
5988
9878
3626
4273
8387
1171
2017
3752
2388
1191
1483
8122
1744
8528
5585
5363
159
5641
8176
9575
8578
7363
7685
9344
9489
7713
5511
1461
2626
8645
3496
6703
6270
3870
1529
7499
4500
8607
5808
5725
2457
6542
6474
1531
7222
3952
7024
9894
4015
8247
1276
6278
9365
8746
1976
8092
5851
9088
9163
2231
6233
9732
1106
5411
9874
5448
9344
7589
7574
1191
6789
695
1735
364
7040
7892
5035
6979
1092
850
2390
195
668
531
9989
2281
3902
2970
2186
9571
3680
7261
6187
8529
4190
446
4233
3708
1863
6681
6001
2499
3786
5214
5829
1322
5907
9628
3192
7505
5990
129
875
9829
1591
2388
6042
9833
1775
4719
342
8994
1392
509
1313
677
1282
1511
4795
3474
6469
2750
879
989
134
9752
8364
4880
5629
2235
1332
4145
3356
5243
3079
3988
807
4979
1357
914
1187
3540
4022
149
609
9009
4833
6696
5432
4999
8863
6369
8676
4077
7701
1691
9840
8703
6515
2229
2420
9817
6264
9324
9343
1462
8929
3546
7043
8967
325
2683
5634
6322
6642
5395
1612
2864
9910
1985
3126
3988
685
6978
1050
6476
6365
1126
4193
8681
1011
3058
1249
1247
4731
8650
774
7980
833
7868
7778
3624
1115
1645
5892
9408
7939
7285
6202
8018
1334
4058
7062
3784
1901
6684
4289
7141
6702
6853
3458
8528
3363
1087
9052
1235
5109
7075
1755
675
288
2053
4157
5758
5222
7488
8945
294
1200
5171
4305
7951
6601
3608
7214
6377
3865
5369
7215
8030
177
6849
1337
2699
3099
8531
1517
7567
8479
9966
2597
4885
2341
5227
7149
785
9615
6476
753
4236
7730
9668
1210
7519
7608
5142
6999
449
4246
8638
2941
2481
3726
6738
6047
8947
3300
1639
7996
3866
4785
7571
5356
2633
7289
551
312
4426
7357
8056
6252
410
2384
4353
2029
3579
7882
1882
1577
1368
1502
8902
1012
1365
379
4256
9244
7870
3365
9619
7665
1293
9441
9484
2759
5400
6211
4144
5335
2704
2520
3789
2121
1913
3571
2369
2770
1594
887
8093
2317
1188
7640
4295
2490
5859
3106
4786
7097
5062
7943
1247
2292
6846
3962
8479
7584
1352
2044
1695
6498
4714
9737
7346
8482
4064
4946
9822
9265
2868
2792
3990
9561
6959
9917
9754
2104
5745
347
5825
1980
8338
2465
5490
4541
599
8097
6677
510
5347
4667
6316
673
8163
4647
2817
9965
8871
6485
6846
9937
6241
5861
4670
8166
6879
7445
407
1638
1113
1101
2516
8014
3898
1452
8117
1364
2926
465
3845
5032
1696
8585
3455
92
8288
1755
9167
7412
5030
1717
4842
8572
6393
7828
1805
3660
5838
9046
8182
3772
2354
5377
4885
2759
2934
1903
6159
6145
45
6847
7401
9783
4167
781
4287
2347
3402
9964
4711
637
693
9417
937
4313
5541
2528
3019
1618
3716
5402
6270
8242
8468
2045
602
8286
559
2674
5146
1019
1243
197
6870
7908
448
7327
8485
7622
4890
883
943
1201
701
4682
3524
8895
7276
4798
2511
5522
4311
5209
6359
2912
8759
7148
6683
2877
8571
2334
6331
7324
577
635
6663
7061
451
9544
6984
8693
9975
519
1472
9641
9349
3391
563
2184
9958
41
7666
3363
5344
2410
8635
1006
68
6660
562
9323
3764
1307
7773
683
9013
8216
8834
5571
5241
2303
4754
928
3417
2048
2018
9931
7621
2209
4669
1098
555
4662
2444
2109
6760
5574
4544
8339
610
8189
4549
8320
4081
5264
6022
4847
9521
4628
7552
6278
873
4029
2489
3359
1352
279
8717
560
3189
8583
795
687
6339
3935
3988
7703
7958
212
9567
553
3368
2047
3068
611
4154
3429
8895
3393
908
5960
169
5462
7323
3929
2149
9305
9149
2724
2584
6224
413
6281
2389
1357
4887
7532
1555
2299
9490
6460
4911
4183
2704
7412
961
382
3608
5811
7168
794
2286
3771
7844
6684
1255
9227
6960
7448
9086
8526
1211
6131
8645
1552
8627
6110
5149
7828
2048
2559
9668
4167
3050
5588
7746
8929
2410
791
5985
8737
3952
8576
1375
8485
4922
6941
1557
700
1408
1826
8213
2301
3680
161
8390
2500
2716
7768
8079
1599
8949
1357
2421
7804
7717
6490
6228
112
2016
9512
8751
1015
2553
9164
6200
464
7859
2212
3806
5444
5710
7377
9417
1994
7341
2706
6839
9707
3593
2820
3236
7254
1688
5003
2203
8788
3915
1199
3424
4408
6490
7655
1593
3310
3072
2038
5087
1697
3526
7448
7497
5802
9649
555
5891
1020
8267
4366
3408
2848
9762
2042
3252
1440
1810
2626
9088
3158
2370
2156
3213
2434
193
2541
887
8766
4112
7574
2206
2418
5373
2113
1582
7670
3202
8714
3897
2731
9105
253
4201
9608
9918
4338
1064
1366
2970
5723
907
2202
3379
1626
9779
9206
2365
1539
5233
9614
9999
3205
2028
6186
29
6343
7237
497
377
4564
5540
3808
152
8918
2011
5693
6790
6740
5446
8015
6473
8604
6645
5225
4662
9999
4842
9674
1590
2687
1616
566
1862
4489
4865
9266
3473
4785
9558
1746
9213
3410
5997
9171
2120
7891
